488685768
488780107
488791171
492303248
493157460
493724206
493755910
494027619
494154297
494156501
494619469
494930679
494975603
495476344
495497455
495860112
495903355
496317964
496317965
496420091
497265052
497266123
497465898
497863037
498071917
499244113
499306693
499458499
499458517
499459166
499459280
499608597
499786793
499816692
499889539
500054397
500935284
501130244
501449277
501465807
501493753
501523045
501821350
503729454
503788732
503967678
503982790
504493328
504747091
505009058
505080248
505164417
505480875
505729713
506290411
506314365
506314464
506314599
506315156
506383490
506405286
510822148
515895724
515919212
516024850
516450555
517070180
517285163
517521681
517800716
518328006
518430007
518433237
518706301
518788088
518987867
522024749
522059201
522071576
522077872
522087550
522824587
544633981
545113378
552945186
552948202
557378839
568603136
570360624
635637095
639961751
640723619
643872411
646589682
647202176
647297472
651492601
651851197
652377221
652553092
652554542
652562638
652572583
652574645
652905944
652933921
653144636
653146012
654858920
654864992
655320940
655908171
657031208
657616174
657689250
657936927
670507661
695722000
736114021
736662459
736755446
736941489
737042341
737144982
737361918
737487956
737837594
738052795
738157585
738295399
738880077
738886474
738918792
738919008
738920144
738963149
738964809
738964898
739671438
740349424
740387842
740407047
740432884
740776031
742451230
742452123
742462080
742466984
746070132
746364183
746431843
746570449
746581665
748660414
748741571
749508590
750109063
750448517
754120001
755786464
757616638
759418985
759532224
763361674
763367016
763376229
763413491
763414581
764355850
765289092
766752374
766764504
769946611
797069037
803458166
808999043
814954315
817447129
817518082
820782215
820794343
821030950
821560551
822547254
828145860
828167673
829892405
835434924
835852664
836628678
837947449
847177284
860374902
873991182
890836071
898301650
898301815
898325244
909680474
910073856
913733682
914215313
916302896
916909724
917033396
917079690
917162441
917327906
917625191
918740224
919115170
919197338
919213620
920565480
921234709
924283268
928993250
929014919
930610668
930803859
935621712
935629240
935629730
938997459
941323145
941473300
946887085
947230726
947324597
947358888
947455677
947525240
947541249
947958453
948009960
948151596
949905580
949906530
950285012
952925509
952931242
963315730
963894507
966792780
968852316
970438180
971866350
973372642
973375447
973380089
973396491
981540954
982124685
983512351
983537680
1001718670
1004036254
1011132338
1011134664
1011135265
1011135980
1011703287
1011796609
1011834777
1015895594
1021719461
1021752531
1021763628
1024359031
1036107735
1038371066
1039795955
1042736815
1043546865
1043547733
1043547784
1043548927
1043550278
1043555877
1049326542
1053211108
1053295980
1054300786
1054546111
1054550656
1054635587
1054672482
1055004800
1055046822
1055352110
1055404798
1055630780
1056324436
1056809501
1056888397
1057219317
1057329067
1057409904
1057548220
1057692816
1062826932
1071377591
1071405506
1074857300
1079835518
1084332016
1093988056
1093995956
1094113059
1100221815
1100833557
1119375086
1119380452
1119455628
1119872513
1120035573
1120110467
1120111756
1120124741
1120173343
1120193633
1120212538
1120218071
1120226056
1120272839
1120300000
1120317177
1120362702
1120421405
1120457110
1120539015
1120548551
1120554541
1120982357
1121265576
1121268371
1121290688
1121291470
1123500467
1123502120
1123507330
1123508641
1123521814
1123832252
1123875700
1124177947
1124319719
1124576968
1124672214
1126155418
1126551215
1128105909
1128956949
1129377157
1129377883
1129378865
1131011640
1132236882
1132236884
1134129989
1134137326
1134147801
1134171942
1134320992
1140937137
1140946089
1142753627
1148548266
1148606939
1148779757
1149199669
1149202218
1152357848
1154754444
1154926158
1160391009
1160605458
1160609986
1160635631
1160841385
1160951942
1173294102
1173300165
1173300322
1173708529
1174689235
1174870829
1175187337
1175414046
1176367126
1176378310
1176584554
1177742948
1180206424
1180633617
1180637390
1180836853
1181390040
1183284791
1183686130
1184656315
1184768410
1189753530
1196439414
1196486256
1197226825
1197314029
1197331964
1197915248
1198269358
1199503614
1200014375
1200061198
1204964855
1204968774
1209860779
1209861030
1209876906
1209898051
1209944659
1213213327
1213239333
1214091415
1214124599
1215567423
1219272714
1219355224
1219356930
1219357741
1221632203
1221659546
1221675997
1221703802
1221708466
1221764743
1221778980
1221802248
1221920978
1222026952
1222046263
1222206489
1222263857
1222264220
1222277222
1222315657
1222419044
1222449060
1222473262
1222579275
1222579877
1222590880
1222613201
1222649038
1222851374
1223093371
1223105119
1223171050
1223334762
1223339172
1223371769
1223661272
1223699465
1223833035
1223981004
1224140570
1224182408
1224210285
1224269864
1224269866
1224411736
1224487578
1224529895
1224780175
1224878075
1224883806
1224931820
1225053431
1225083481
1225131857
1225373238
1225664920
1225664921
1225667520
1225875365
1225877227
1225927245
1230791492
1231906715
1233227479
1236825516
1236923906
1236927902
1238743293
1242717958
1243204653
1243272778
1248036312
1248076775
1248086151
1248097641
1248117692
1254096791
1254203317
1254214055
1267361239
1268857477
1269635656
1269643498
1269651367
1269667318
1269687981
1269692059
1269692966
1271425253
1272198950
1273039677
1274416011
1274516099
1275615669
1275619713
1275811660
1275850048
